True reward function
center
True optimal policy
[0, 0, 0, 0, 0, 0, 0, 0, 0, 0, 0, 0, 0, 0, 0, 0, 3, 1, 3, 1, 1, 3, 1, 3, 1, 1, 3, 0, 0, 2, 2, 2, 2, 2, 0, 2, 2, 2, 2, 2, 2, 2, 0, 2, 2, 2, 0, 2, 0, 2, 0, 2, 0, 2, 2, 2, 1, 2, 2, 3, 1, 2, 2, 2, 3, 2, 1, 2, 2, 2, 3, 1, 2, 2, 3, 2, 2, 3, 1, 2, 2, 3, 2, 1, 2, 2, 3, 1, 2, 2, 1, 2, 3, 2, 2, 1, 2, 2, 2, 2, 2, 1, 2, 2, 2, 3, 2, 1, 2, 3, 2, 2, 1, 3, 2, 2, 2, 2, 2, 1, 2, 2, 3, 2, 1, 2, 2, 3, 2, 1, 2, 2, 2, 1, 2, 2, 2, 2, 2, 3, 2, 2, 0, 0, 2, 2, 1, 2, 3, 2, 2, 0, 2, 2, 0, 2, 2, 0, 2, 2, 0, 2, 0, 2, 0, 2, 2, 2, 0, 2, 2, 2, 1, 2, 0, 2, 0, 2, 3, 2, 3, 3, 0, 0, 0, 0, 0, 3, 0, 0, 0, 0, 0, 0, 0, 0, 0, 0, 0, 0, 0, 0, 0, 0, 0, 0, 0, 0, 0, 0, 0, 0, 0, 0, 0, 0, 0, 0, 0, 0, 0, 0, 0, 0, 0, 0, 0, 0, 0, 0, 0, 0]
Possible policies
[[0, 0, 0, 0, 0, 0, 0, 0, 0, 0, 0, 0, 0, 0, 0, 0, 3, 1, 3, 1, 1, 3, 1, 3, 1, 1, 3, 0, 0, 2, 2, 2, 2, 2, 0, 2, 2, 2, 2, 2, 2, 2, 0, 2, 2, 2, 0, 2, 0, 2, 0, 2, 0, 2, 2, 2, 1, 2, 2, 3, 1, 2, 2, 2, 3, 2, 1, 2, 2, 2, 3, 1, 2, 2, 3, 2, 2, 3, 1, 2, 2, 3, 2, 1, 2, 2, 3, 1, 2, 2, 1, 2, 3, 2, 2, 1, 2, 2, 2, 2, 2, 1, 2, 2, 2, 3, 2, 1, 2, 3, 2, 2, 1, 3, 2, 2, 2, 2, 2, 1, 2, 2, 3, 2, 1, 2, 2, 3, 2, 1, 2, 2, 2, 1, 2, 2, 2, 2, 2, 3, 2, 2, 0, 0, 2, 2, 1, 2, 3, 2, 2, 0, 2, 2, 0, 2, 2, 0, 2, 2, 0, 2, 0, 2, 0, 2, 2, 2, 0, 2, 2, 2, 1, 2, 0, 2, 0, 2, 3, 2, 3, 3, 0, 0, 0, 0, 0, 3, 0, 0, 0, 0, 0, 0, 0, 0, 0, 0, 0, 0, 0, 0, 0, 0, 0, 0, 0, 0, 0, 0, 0, 0, 0, 0, 0, 0, 0, 0, 0, 0, 0, 0, 0, 0, 0, 0, 0, 0, 0, 0, 0, 0], [0, 0, 0, 0, 0, 0, 0, 0, 0, 0, 0, 0, 0, 0, 0, 0, 0, 0, 0, 0, 0, 0, 0, 0, 0, 0, 2, 2, 2, 2, 2, 0, 2, 0, 2, 2, 2, 2, 2, 2, 2, 2, 2, 2, 2, 2, 2, 3, 2, 2, 3, 2, 2, 3, 2, 2, 2, 3, 2, 1, 0, 0, 0, 0, 0, 1, 2, 2, 2, 1, 2, 0, 2, 2, 0, 2, 2, 2, 0, 2, 0, 2, 2, 2, 0, 2, 2, 0, 2, 0, 2, 2, 0, 2, 0, 2, 0, 0, 0, 2, 2, 2, 2, 2, 2, 2, 0, 2, 2, 3, 2, 0, 2, 0, 2, 2, 2, 2, 0, 2, 2, 1, 2, 2, 2, 2, 1, 2, 2, 2, 3, 2, 2, 2, 2, 3, 2, 2, 3, 1, 0, 2, 0, 0, 0, 0, 0, 0, 0, 0, 0, 0, 0, 0, 0, 0, 0, 0, 0, 0, 0, 0, 0, 0, 0, 0, 0, 0, 0, 0, 0, 0, 0, 0, 0, 0, 0, 0, 0], [3, 1, 1, 1, 0, 0, 0, 0, 1, 3, 1, 3, 1, 3, 1, 3, 1, 3, 1, 1, 3, 0, 3, 0, 0, 0, 3, 0, 0, 3, 2, 2, 3, 2, 2, 2, 2, 2, 2, 2, 3, 2, 2, 2, 2, 3, 2, 2, 2, 3, 2, 2, 0, 2, 0, 2, 0, 2, 2, 2, 2, 0, 2, 2, 0, 2, 1, 2, 1, 2, 1, 2, 2, 2, 1, 1, 2, 1, 2, 1, 2, 1, 2, 2, 1, 2, 1, 2, 2, 1, 2, 2, 1, 2, 2, 2, 1, 2, 1, 2, 2, 1, 2, 2, 1, 2, 2, 1, 2, 2, 2, 2, 2, 2, 0, 0, 0, 0]]
Num demos 1
EVDs
[0.0, 0.00797184635324053, 1.132175518010253]
PMFs
[0.6457150352808035, 0.3524838360003083, 0.0018011287188881584]
Learned policies
[0, 0, 0, 0, 0, 0, 0, 0, 0, 0, 0, 0, 0, 0, 0, 0, 3, 1, 3, 1, 1, 3, 1, 3, 1, 1, 3, 0, 0, 2, 2, 2, 2, 2, 0, 2, 2, 2, 2, 2, 2, 2, 0, 2, 2, 2, 0, 2, 0, 2, 0, 2, 0, 2, 2, 2, 1, 2, 2, 3, 1, 2, 2, 2, 3, 2, 1, 2, 2, 2, 3, 1, 2, 2, 3, 2, 2, 3, 1, 2, 2, 3, 2, 1, 2, 2, 3, 1, 2, 2, 1, 2, 3, 2, 2, 1, 2, 2, 2, 2, 2, 1, 2, 2, 2, 3, 2, 1, 2, 3, 2, 2, 1, 3, 2, 2, 2, 2, 2, 1, 2, 2, 3, 2, 1, 2, 2, 3, 2, 1, 2, 2, 2, 1, 2, 2, 2, 2, 2, 3, 2, 2, 0, 0, 2, 2, 1, 2, 3, 2, 2, 0, 2, 2, 0, 2, 2, 0, 2, 2, 0, 2, 0, 2, 0, 2, 2, 2, 0, 2, 2, 2, 1, 2, 0, 2, 0, 2, 3, 2, 3, 3, 0, 0, 0, 0, 0, 3, 0, 0, 0, 0, 0, 0, 0, 0, 0, 0, 0, 0, 0, 0, 0, 0, 0, 0, 0, 0, 0, 0, 0, 0, 0, 0, 0, 0, 0, 0, 0, 0, 0, 0, 0, 0, 0, 0, 0, 0, 0, 0, 0, 0]
Comparison grid
[[1.4459107171144279, 1.4643907811286458, 1.3496505966255867], [1.2762552852020825, 1.4798929294023861, 1.1805813091110982], [0.15423883866789312, 0.4324535391393131, 1.9543975137428924]]
Num demos 2
EVDs
[0.0, 0.00797184635324053, 1.132175518010253]
PMFs
[0.8061435351052781, 0.19385036203702918, 6.102857692488946e-06]
Learned policies
[0, 0, 0, 0, 0, 0, 0, 0, 0, 0, 0, 0, 0, 0, 0, 0, 3, 1, 3, 1, 1, 3, 1, 3, 1, 1, 3, 0, 0, 2, 2, 2, 2, 2, 0, 2, 2, 2, 2, 2, 2, 2, 0, 2, 2, 2, 0, 2, 0, 2, 0, 2, 0, 2, 2, 2, 1, 2, 2, 3, 1, 2, 2, 2, 3, 2, 1, 2, 2, 2, 3, 1, 2, 2, 3, 2, 2, 3, 1, 2, 2, 3, 2, 1, 2, 2, 3, 1, 2, 2, 1, 2, 3, 2, 2, 1, 2, 2, 2, 2, 2, 1, 2, 2, 2, 3, 2, 1, 2, 3, 2, 2, 1, 3, 2, 2, 2, 2, 2, 1, 2, 2, 3, 2, 1, 2, 2, 3, 2, 1, 2, 2, 2, 1, 2, 2, 2, 2, 2, 3, 2, 2, 0, 0, 2, 2, 1, 2, 3, 2, 2, 0, 2, 2, 0, 2, 2, 0, 2, 2, 0, 2, 0, 2, 0, 2, 2, 2, 0, 2, 2, 2, 1, 2, 0, 2, 0, 2, 3, 2, 3, 3, 0, 0, 0, 0, 0, 3, 0, 0, 0, 0, 0, 0, 0, 0, 0, 0, 0, 0, 0, 0, 0, 0, 0, 0, 0, 0, 0, 0, 0, 0, 0, 0, 0, 0, 0, 0, 0, 0, 0, 0, 0, 0, 0, 0, 0, 0, 0, 0, 0, 0]
Comparison grid
[[1.4459107171144279, 1.4643907811286458, 1.3496505966255867], [1.2762552852020825, 1.4798929294023861, 1.1805813091110982], [0.15423883866789312, 0.4324535391393131, 1.9543975137428924]]
Num demos 3
EVDs
[0.0, 0.00797184635324053, 1.132175518010253]
PMFs
[0.9017370840929851, 0.09826289704856693, 1.88584478951339e-08]
Learned policies
[0, 0, 0, 0, 0, 0, 0, 0, 0, 0, 0, 0, 0, 0, 0, 0, 3, 1, 3, 1, 1, 3, 1, 3, 1, 1, 3, 0, 0, 2, 2, 2, 2, 2, 0, 2, 2, 2, 2, 2, 2, 2, 0, 2, 2, 2, 0, 2, 0, 2, 0, 2, 0, 2, 2, 2, 1, 2, 2, 3, 1, 2, 2, 2, 3, 2, 1, 2, 2, 2, 3, 1, 2, 2, 3, 2, 2, 3, 1, 2, 2, 3, 2, 1, 2, 2, 3, 1, 2, 2, 1, 2, 3, 2, 2, 1, 2, 2, 2, 2, 2, 1, 2, 2, 2, 3, 2, 1, 2, 3, 2, 2, 1, 3, 2, 2, 2, 2, 2, 1, 2, 2, 3, 2, 1, 2, 2, 3, 2, 1, 2, 2, 2, 1, 2, 2, 2, 2, 2, 3, 2, 2, 0, 0, 2, 2, 1, 2, 3, 2, 2, 0, 2, 2, 0, 2, 2, 0, 2, 2, 0, 2, 0, 2, 0, 2, 2, 2, 0, 2, 2, 2, 1, 2, 0, 2, 0, 2, 3, 2, 3, 3, 0, 0, 0, 0, 0, 3, 0, 0, 0, 0, 0, 0, 0, 0, 0, 0, 0, 0, 0, 0, 0, 0, 0, 0, 0, 0, 0, 0, 0, 0, 0, 0, 0, 0, 0, 0, 0, 0, 0, 0, 0, 0, 0, 0, 0, 0, 0, 0, 0, 0]
Comparison grid
[[1.4459107171144279, 1.4643907811286458, 1.3496505966255867], [1.2762552852020825, 1.4798929294023861, 1.1805813091110982], [0.15423883866789312, 0.4324535391393131, 1.9543975137428924]]
Num demos 4
EVDs
[0.0, 0.00797184635324053, 1.132175518010253]
PMFs
[0.948690500425744, 0.051309499520755635, 5.3500382203263276e-11]
Learned policies
[0, 0, 0, 0, 0, 0, 0, 0, 0, 0, 0, 0, 0, 0, 0, 0, 3, 1, 3, 1, 1, 3, 1, 3, 1, 1, 3, 0, 0, 2, 2, 2, 2, 2, 0, 2, 2, 2, 2, 2, 2, 2, 0, 2, 2, 2, 0, 2, 0, 2, 0, 2, 0, 2, 2, 2, 1, 2, 2, 3, 1, 2, 2, 2, 3, 2, 1, 2, 2, 2, 3, 1, 2, 2, 3, 2, 2, 3, 1, 2, 2, 3, 2, 1, 2, 2, 3, 1, 2, 2, 1, 2, 3, 2, 2, 1, 2, 2, 2, 2, 2, 1, 2, 2, 2, 3, 2, 1, 2, 3, 2, 2, 1, 3, 2, 2, 2, 2, 2, 1, 2, 2, 3, 2, 1, 2, 2, 3, 2, 1, 2, 2, 2, 1, 2, 2, 2, 2, 2, 3, 2, 2, 0, 0, 2, 2, 1, 2, 3, 2, 2, 0, 2, 2, 0, 2, 2, 0, 2, 2, 0, 2, 0, 2, 0, 2, 2, 2, 0, 2, 2, 2, 1, 2, 0, 2, 0, 2, 3, 2, 3, 3, 0, 0, 0, 0, 0, 3, 0, 0, 0, 0, 0, 0, 0, 0, 0, 0, 0, 0, 0, 0, 0, 0, 0, 0, 0, 0, 0, 0, 0, 0, 0, 0, 0, 0, 0, 0, 0, 0, 0, 0, 0, 0, 0, 0, 0, 0, 0, 0, 0, 0]
Comparison grid
[[1.4459107171144279, 1.4643907811286458, 1.3496505966255867], [1.2762552852020825, 1.4798929294023861, 1.1805813091110982], [0.15423883866789312, 0.4324535391393131, 1.9543975137428924]]
Num demos 5
EVDs
[0.0, 0.00797184635324053, 1.132175518010253]
PMFs
[0.9714305921009946, 0.028569407898949593, 5.578596598677841e-14]
Learned policies
[0, 0, 0, 0, 0, 0, 0, 0, 0, 0, 0, 0, 0, 0, 0, 0, 3, 1, 3, 1, 1, 3, 1, 3, 1, 1, 3, 0, 0, 2, 2, 2, 2, 2, 0, 2, 2, 2, 2, 2, 2, 2, 0, 2, 2, 2, 0, 2, 0, 2, 0, 2, 0, 2, 2, 2, 1, 2, 2, 3, 1, 2, 2, 2, 3, 2, 1, 2, 2, 2, 3, 1, 2, 2, 3, 2, 2, 3, 1, 2, 2, 3, 2, 1, 2, 2, 3, 1, 2, 2, 1, 2, 3, 2, 2, 1, 2, 2, 2, 2, 2, 1, 2, 2, 2, 3, 2, 1, 2, 3, 2, 2, 1, 3, 2, 2, 2, 2, 2, 1, 2, 2, 3, 2, 1, 2, 2, 3, 2, 1, 2, 2, 2, 1, 2, 2, 2, 2, 2, 3, 2, 2, 0, 0, 2, 2, 1, 2, 3, 2, 2, 0, 2, 2, 0, 2, 2, 0, 2, 2, 0, 2, 0, 2, 0, 2, 2, 2, 0, 2, 2, 2, 1, 2, 0, 2, 0, 2, 3, 2, 3, 3, 0, 0, 0, 0, 0, 3, 0, 0, 0, 0, 0, 0, 0, 0, 0, 0, 0, 0, 0, 0, 0, 0, 0, 0, 0, 0, 0, 0, 0, 0, 0, 0, 0, 0, 0, 0, 0, 0, 0, 0, 0, 0, 0, 0, 0, 0, 0, 0, 0, 0]
Comparison grid
[[1.4459107171144279, 1.4643907811286458, 1.3496505966255867], [1.2762552852020825, 1.4798929294023861, 1.1805813091110982], [0.15423883866789312, 0.4324535391393131, 1.9543975137428924]]
Num demos 6
EVDs
[0.0, 0.00797184635324053, 1.132175518010253]
PMFs
[0.9915633033265429, 0.008436696673457, 5.796576683974701e-17]
Learned policies
[0, 0, 0, 0, 0, 0, 0, 0, 0, 0, 0, 0, 0, 0, 0, 0, 3, 1, 3, 1, 1, 3, 1, 3, 1, 1, 3, 0, 0, 2, 2, 2, 2, 2, 0, 2, 2, 2, 2, 2, 2, 2, 0, 2, 2, 2, 0, 2, 0, 2, 0, 2, 0, 2, 2, 2, 1, 2, 2, 3, 1, 2, 2, 2, 3, 2, 1, 2, 2, 2, 3, 1, 2, 2, 3, 2, 2, 3, 1, 2, 2, 3, 2, 1, 2, 2, 3, 1, 2, 2, 1, 2, 3, 2, 2, 1, 2, 2, 2, 2, 2, 1, 2, 2, 2, 3, 2, 1, 2, 3, 2, 2, 1, 3, 2, 2, 2, 2, 2, 1, 2, 2, 3, 2, 1, 2, 2, 3, 2, 1, 2, 2, 2, 1, 2, 2, 2, 2, 2, 3, 2, 2, 0, 0, 2, 2, 1, 2, 3, 2, 2, 0, 2, 2, 0, 2, 2, 0, 2, 2, 0, 2, 0, 2, 0, 2, 2, 2, 0, 2, 2, 2, 1, 2, 0, 2, 0, 2, 3, 2, 3, 3, 0, 0, 0, 0, 0, 3, 0, 0, 0, 0, 0, 0, 0, 0, 0, 0, 0, 0, 0, 0, 0, 0, 0, 0, 0, 0, 0, 0, 0, 0, 0, 0, 0, 0, 0, 0, 0, 0, 0, 0, 0, 0, 0, 0, 0, 0, 0, 0, 0, 0]
Comparison grid
[[1.4459107171144279, 1.4643907811286458, 1.3496505966255867], [1.2762552852020825, 1.4798929294023861, 1.1805813091110982], [0.15423883866789312, 0.4324535391393131, 1.9543975137428924]]
Num demos 7
EVDs
[0.0, 0.00797184635324053, 1.132175518010253]
PMFs
[0.9968510694979902, 0.003148930502009729, 1.607047176267197e-19]
Learned policies
[0, 0, 0, 0, 0, 0, 0, 0, 0, 0, 0, 0, 0, 0, 0, 0, 3, 1, 3, 1, 1, 3, 1, 3, 1, 1, 3, 0, 0, 2, 2, 2, 2, 2, 0, 2, 2, 2, 2, 2, 2, 2, 0, 2, 2, 2, 0, 2, 0, 2, 0, 2, 0, 2, 2, 2, 1, 2, 2, 3, 1, 2, 2, 2, 3, 2, 1, 2, 2, 2, 3, 1, 2, 2, 3, 2, 2, 3, 1, 2, 2, 3, 2, 1, 2, 2, 3, 1, 2, 2, 1, 2, 3, 2, 2, 1, 2, 2, 2, 2, 2, 1, 2, 2, 2, 3, 2, 1, 2, 3, 2, 2, 1, 3, 2, 2, 2, 2, 2, 1, 2, 2, 3, 2, 1, 2, 2, 3, 2, 1, 2, 2, 2, 1, 2, 2, 2, 2, 2, 3, 2, 2, 0, 0, 2, 2, 1, 2, 3, 2, 2, 0, 2, 2, 0, 2, 2, 0, 2, 2, 0, 2, 0, 2, 0, 2, 2, 2, 0, 2, 2, 2, 1, 2, 0, 2, 0, 2, 3, 2, 3, 3, 0, 0, 0, 0, 0, 3, 0, 0, 0, 0, 0, 0, 0, 0, 0, 0, 0, 0, 0, 0, 0, 0, 0, 0, 0, 0, 0, 0, 0, 0, 0, 0, 0, 0, 0, 0, 0, 0, 0, 0, 0, 0, 0, 0, 0, 0, 0, 0, 0, 0]
Comparison grid
[[1.4459107171144279, 1.4643907811286458, 1.3496505966255867], [1.2762552852020825, 1.4798929294023861, 1.1805813091110982], [0.15423883866789312, 0.4324535391393131, 1.9543975137428924]]
Num demos 8
EVDs
[0.0, 0.00797184635324053, 1.132175518010253]
PMFs
[0.9980399535852945, 0.0019600464147055277, 4.324909368156931e-22]
Learned policies
[0, 0, 0, 0, 0, 0, 0, 0, 0, 0, 0, 0, 0, 0, 0, 0, 3, 1, 3, 1, 1, 3, 1, 3, 1, 1, 3, 0, 0, 2, 2, 2, 2, 2, 0, 2, 2, 2, 2, 2, 2, 2, 0, 2, 2, 2, 0, 2, 0, 2, 0, 2, 0, 2, 2, 2, 1, 2, 2, 3, 1, 2, 2, 2, 3, 2, 1, 2, 2, 2, 3, 1, 2, 2, 3, 2, 2, 3, 1, 2, 2, 3, 2, 1, 2, 2, 3, 1, 2, 2, 1, 2, 3, 2, 2, 1, 2, 2, 2, 2, 2, 1, 2, 2, 2, 3, 2, 1, 2, 3, 2, 2, 1, 3, 2, 2, 2, 2, 2, 1, 2, 2, 3, 2, 1, 2, 2, 3, 2, 1, 2, 2, 2, 1, 2, 2, 2, 2, 2, 3, 2, 2, 0, 0, 2, 2, 1, 2, 3, 2, 2, 0, 2, 2, 0, 2, 2, 0, 2, 2, 0, 2, 0, 2, 0, 2, 2, 2, 0, 2, 2, 2, 1, 2, 0, 2, 0, 2, 3, 2, 3, 3, 0, 0, 0, 0, 0, 3, 0, 0, 0, 0, 0, 0, 0, 0, 0, 0, 0, 0, 0, 0, 0, 0, 0, 0, 0, 0, 0, 0, 0, 0, 0, 0, 0, 0, 0, 0, 0, 0, 0, 0, 0, 0, 0, 0, 0, 0, 0, 0, 0, 0]
Comparison grid
[[1.4459107171144279, 1.4643907811286458, 1.3496505966255867], [1.2762552852020825, 1.4798929294023861, 1.1805813091110982], [0.15423883866789312, 0.4324535391393131, 1.9543975137428924]]
Num demos 9
EVDs
[0.0, 0.00797184635324053, 1.132175518010253]
PMFs
[0.9994691544973072, 0.0005308455026927382, 4.346071667458204e-25]
Learned policies
[0, 0, 0, 0, 0, 0, 0, 0, 0, 0, 0, 0, 0, 0, 0, 0, 3, 1, 3, 1, 1, 3, 1, 3, 1, 1, 3, 0, 0, 2, 2, 2, 2, 2, 0, 2, 2, 2, 2, 2, 2, 2, 0, 2, 2, 2, 0, 2, 0, 2, 0, 2, 0, 2, 2, 2, 1, 2, 2, 3, 1, 2, 2, 2, 3, 2, 1, 2, 2, 2, 3, 1, 2, 2, 3, 2, 2, 3, 1, 2, 2, 3, 2, 1, 2, 2, 3, 1, 2, 2, 1, 2, 3, 2, 2, 1, 2, 2, 2, 2, 2, 1, 2, 2, 2, 3, 2, 1, 2, 3, 2, 2, 1, 3, 2, 2, 2, 2, 2, 1, 2, 2, 3, 2, 1, 2, 2, 3, 2, 1, 2, 2, 2, 1, 2, 2, 2, 2, 2, 3, 2, 2, 0, 0, 2, 2, 1, 2, 3, 2, 2, 0, 2, 2, 0, 2, 2, 0, 2, 2, 0, 2, 0, 2, 0, 2, 2, 2, 0, 2, 2, 2, 1, 2, 0, 2, 0, 2, 3, 2, 3, 3, 0, 0, 0, 0, 0, 3, 0, 0, 0, 0, 0, 0, 0, 0, 0, 0, 0, 0, 0, 0, 0, 0, 0, 0, 0, 0, 0, 0, 0, 0, 0, 0, 0, 0, 0, 0, 0, 0, 0, 0, 0, 0, 0, 0, 0, 0, 0, 0, 0, 0]
Comparison grid
[[1.4459107171144279, 1.4643907811286458, 1.3496505966255867], [1.2762552852020825, 1.4798929294023861, 1.1805813091110982], [0.15423883866789312, 0.4324535391393131, 1.9543975137428924]]
Num demos 10
EVDs
[0.0, 0.00797184635324053, 1.132175518010253]
PMFs
[0.9997808649853742, 0.00021913501462581062, 4.438461598435503e-28]
Learned policies
[0, 0, 0, 0, 0, 0, 0, 0, 0, 0, 0, 0, 0, 0, 0, 0, 3, 1, 3, 1, 1, 3, 1, 3, 1, 1, 3, 0, 0, 2, 2, 2, 2, 2, 0, 2, 2, 2, 2, 2, 2, 2, 0, 2, 2, 2, 0, 2, 0, 2, 0, 2, 0, 2, 2, 2, 1, 2, 2, 3, 1, 2, 2, 2, 3, 2, 1, 2, 2, 2, 3, 1, 2, 2, 3, 2, 2, 3, 1, 2, 2, 3, 2, 1, 2, 2, 3, 1, 2, 2, 1, 2, 3, 2, 2, 1, 2, 2, 2, 2, 2, 1, 2, 2, 2, 3, 2, 1, 2, 3, 2, 2, 1, 3, 2, 2, 2, 2, 2, 1, 2, 2, 3, 2, 1, 2, 2, 3, 2, 1, 2, 2, 2, 1, 2, 2, 2, 2, 2, 3, 2, 2, 0, 0, 2, 2, 1, 2, 3, 2, 2, 0, 2, 2, 0, 2, 2, 0, 2, 2, 0, 2, 0, 2, 0, 2, 2, 2, 0, 2, 2, 2, 1, 2, 0, 2, 0, 2, 3, 2, 3, 3, 0, 0, 0, 0, 0, 3, 0, 0, 0, 0, 0, 0, 0, 0, 0, 0, 0, 0, 0, 0, 0, 0, 0, 0, 0, 0, 0, 0, 0, 0, 0, 0, 0, 0, 0, 0, 0, 0, 0, 0, 0, 0, 0, 0, 0, 0, 0, 0, 0, 0]
Comparison grid
[[1.4459107171144279, 1.4643907811286458, 1.3496505966255867], [1.2762552852020825, 1.4798929294023861, 1.1805813091110982], [0.15423883866789312, 0.4324535391393131, 1.9543975137428924]]
**************************************************
