NEW THRESHOLD 1
Num demos
9
2
4
9
9
5
3
5
4
2
4
8
25
8
4
2
3
5
2
2
Policy optimalities
0.48633879781420764
0.31521739130434784
0.31521739130434784
0.44751381215469616
0.44751381215469616
0.44751381215469616
0.48633879781420764
0.31521739130434784
0.31521739130434784
0.31521739130434784
0.31521739130434784
0.44751381215469616
0.44751381215469616
0.48633879781420764
0.44751381215469616
0.44751381215469616
0.31521739130434784
0.44751381215469616
0.44751381215469616
0.44751381215469616
Accuracy
0.0
**************************************************
NEW THRESHOLD 2
Num demos
10
10
5
16
14
6
15
13
6
12
9
14
25
6
3
16
Policy optimalities
0.48633879781420764
0.44751381215469616
0.31521739130434784
0.44751381215469616
0.48633879781420764
0.44751381215469616
1.0
0.44751381215469616
0.48633879781420764
0.44751381215469616
0.44751381215469616
0.44751381215469616
0.44751381215469616
0.44751381215469616
0.44751381215469616
0.44751381215469616
Accuracy
0.05
**************************************************
NEW THRESHOLD 3
Num demos
18
6
17
15
7
7
10
7
Policy optimalities
0.48633879781420764
0.31521739130434784
0.44751381215469616
0.48633879781420764
0.44751381215469616
0.48633879781420764
0.44751381215469616
0.44751381215469616
Accuracy
0.0
**************************************************
NEW THRESHOLD 4
Num demos
18
17
11
Policy optimalities
0.44751381215469616
0.44751381215469616
0.44751381215469616
Accuracy
0.0
**************************************************
NEW THRESHOLD 5
Num demos
24
18
12
Policy optimalities
0.48633879781420764
0.44751381215469616
0.44751381215469616
Accuracy
0.0
**************************************************
Time to run: 0.0865150531133016 minutes
