NEW THRESHOLD 1
Num demos
9
13
16
2
9
14
18
23
4
8
14
17
9
15
20
8
12
18
24
4
13
23
2
6
10
13
17
4
16
3
11
20
23
4
13
23
3
15
2
18
2
12
21
8
11
13
17
23
6
14
19
3
6
16
3
9
13
16
20
5
10
14
17
19
3
6
19
24
4
10
16
19
21
Policy optimalities
0.48633879781420764
0.44751381215469616
0.48633879781420764
0.31521739130434784
0.44751381215469616
0.44751381215469616
0.48633879781420764
0.48633879781420764
0.31521739130434784
0.44751381215469616
0.44751381215469616
0.48633879781420764
0.44751381215469616
0.44751381215469616
0.48633879781420764
0.44751381215469616
0.48633879781420764
0.44751381215469616
0.44751381215469616
0.44751381215469616
0.44751381215469616
0.48633879781420764
0.48633879781420764
0.44751381215469616
0.48633879781420764
1.0
0.48633879781420764
0.31521739130434784
0.48633879781420764
0.31521739130434784
0.44751381215469616
0.44751381215469616
0.44751381215469616
0.48633879781420764
0.44751381215469616
0.37735849056603776
0.44751381215469616
0.44751381215469616
0.44751381215469616
0.48633879781420764
0.44751381215469616
0.48633879781420764
0.44751381215469616
0.44751381215469616
0.48633879781420764
0.44751381215469616
0.44751381215469616
0.48633879781420764
0.44751381215469616
0.48633879781420764
0.6071428571428571
0.31521739130434784
0.48633879781420764
0.44751381215469616
0.44751381215469616
0.44751381215469616
0.48633879781420764
0.44751381215469616
0.44751381215469616
0.44751381215469616
0.44751381215469616
0.48633879781420764
0.31521739130434784
0.44751381215469616
0.31521739130434784
0.44751381215469616
0.44751381215469616
0.44751381215469616
0.44751381215469616
0.48633879781420764
0.44751381215469616
0.48633879781420764
0.44751381215469616
Accuracy
0.0136986301369863
CM100
[[1, 72], [1, 57]]
CM95
[[1, 72], [1, 57]]
CM90
[[1, 72], [1, 57]]
CM5
[[73, 0], [58, 0]]
CM4
[[73, 0], [58, 0]]
CM3
[[73, 0], [58, 0]]
CM2
[[73, 0], [58, 0]]
CM1
[[73, 0], [58, 0]]
**************************************************
NEW THRESHOLD 2
Num demos
10
14
17
10
5
15
18
16
21
13
19
25
5
14
24
14
18
12
24
5
14
4
16
3
19
3
18
4
10
17
6
20
4
20
11
17
Policy optimalities
0.48633879781420764
0.44751381215469616
0.48633879781420764
0.44751381215469616
0.31521739130434784
0.44751381215469616
0.48633879781420764
0.44751381215469616
0.48633879781420764
0.48633879781420764
0.44751381215469616
0.44751381215469616
0.44751381215469616
0.44751381215469616
0.48633879781420764
1.0
0.48633879781420764
0.44751381215469616
0.44751381215469616
0.48633879781420764
0.44751381215469616
0.44751381215469616
0.44751381215469616
0.44751381215469616
0.48633879781420764
0.44751381215469616
0.44751381215469616
0.44751381215469616
0.44751381215469616
0.44751381215469616
0.44751381215469616
0.44751381215469616
0.31521739130434784
0.44751381215469616
0.48633879781420764
0.44751381215469616
Accuracy
0.027777777777777776
CM100
[[1, 35], [1, 94]]
CM95
[[1, 35], [1, 94]]
CM90
[[1, 35], [1, 94]]
CM5
[[36, 0], [95, 0]]
CM4
[[36, 0], [95, 0]]
CM3
[[36, 0], [95, 0]]
CM2
[[36, 0], [95, 0]]
CM1
[[36, 0], [95, 0]]
**************************************************
NEW THRESHOLD 3
Num demos
18
6
17
22
14
20
6
25
6
15
17
4
4
7
Policy optimalities
0.48633879781420764
0.31521739130434784
0.44751381215469616
0.48633879781420764
0.48633879781420764
0.44751381215469616
0.44751381215469616
0.44751381215469616
0.48633879781420764
0.44751381215469616
0.44751381215469616
0.44751381215469616
0.44751381215469616
0.44751381215469616
Accuracy
0.0
CM100
[[0, 14], [2, 115]]
CM95
[[0, 14], [2, 115]]
CM90
[[0, 14], [2, 115]]
CM5
[[14, 0], [117, 0]]
CM4
[[14, 0], [117, 0]]
CM3
[[14, 0], [117, 0]]
CM2
[[14, 0], [117, 0]]
CM1
[[14, 0], [117, 0]]
**************************************************
NEW THRESHOLD 4
Num demos
18
23
16
5
5
Policy optimalities
0.44751381215469616
0.48633879781420764
0.44751381215469616
0.44751381215469616
0.44751381215469616
Accuracy
0.0
CM100
[[0, 5], [2, 124]]
CM95
[[0, 5], [2, 124]]
CM90
[[0, 5], [2, 124]]
CM5
[[5, 0], [126, 0]]
CM4
[[5, 0], [126, 0]]
CM3
[[5, 0], [126, 0]]
CM2
[[5, 0], [126, 0]]
CM1
[[5, 0], [126, 0]]
**************************************************
NEW THRESHOLD 5
Num demos
24
17
Policy optimalities
0.48633879781420764
0.44751381215469616
Accuracy
0.0
CM100
[[0, 2], [2, 127]]
CM95
[[0, 2], [2, 127]]
CM90
[[0, 2], [2, 127]]
CM5
[[2, 0], [129, 0]]
CM4
[[2, 0], [129, 0]]
CM3
[[2, 0], [129, 0]]
CM2
[[2, 0], [129, 0]]
CM1
[[2, 0], [129, 0]]
**************************************************
Time to run: 1.289383848508199 minutes
